1,0.5384615384615384,0,1,0,0,0,2,12.398100418739418,8,22,3,2,2,1,3,0;0
1,0.5384615384615384,0,1,9,0,0,0.6712724315919303,2,56,10,1,2,2,2,4,2;2
1,0.5384615384615384,0,1,6,0,0,5.992103576459392,2,41,15,2,3,2,2,3,1;1
1,0.5384615384615384,1,0,0,10,1,2,2,56,4,0,3,3,2,4,3;0
1,0.5384615384615384,0,0,5,3,1,-5.949050209369709,2,33,4,1,3,3,3,4,2;1
1,0.5384615384615384,0,0,27,2,1,11.290815395864037,2,42,38,2,2,2,1,4,1;0
10,0.8846153846153846,0,1,0,0,0,2,2,11,46,1,2,2,1,1,1;0
10,0.8846153846153846,0,1,0,0,0,2,2,11,43,1,3,3,2,2,2;0
10,0.8846153846153846,0,1,0,0,0,2,2,20,43,1,2,2,1,2,2;0
10,0.8846153846153846,0,1,0,0,0,2,2,14,4,7,4,2,2,2,2;0
10,0.8846153846153846,0,0,10,3,1,-8.851179835197101,2,37,7,7,4,3,2,3,3;3
10,0.8846153846153846,1,0,39,8,1,-26.461637999164836,2,32,30,0,3,3,2,2,2;2
10,0.8846153846153846,0,1,0,0,0,2,7.333333333333334,6,53,1,5,2,2,1,0;0
10,0.8846153846153846,0,1,0,0,0,2,7.333333333333334,6,49,1,5,2,2,2,0;0
10,0.8846153846153846,1,0,29,8,1,-31.88617322034971,2,21,18,0,6,3,3,2,1;0
10,0.8846153846153846,0,1,0,0,0,0,2,10,0,1,5,4,3,5,5;0
10,0.8846153846153846,0,1,21,0,0,-28.09658508866346,2,60,9,7,2,2,2,4,4;2
10,0.8846153846153846,0,1,0,0,0,0,2,24,0,3,4,4,3,8,8;0
10,0.8846153846153846,0,1,0,0,0,2,2,57,13,7,2,2,1,4,4;0
10,0.8846153846153846,1,0,1,12,1,-2.0,2,4,0,0,6,5,4,6,6;1
10,0.8846153846153846,0,0,5,2,1,-10.392837100659193,2,36,0,8,3,3,2,5,5;2
10,0.8846153846153846,0,0,9,3,1,-18.813250060790445,2,29,0,8,3,3,3,5,5;1
10,0.8846153846153846,0,0,0,10,1,0,2,4,0,2,5,5,4,7,7;0
11,0.9230769230769231,0,1,0,0,0,2,2,6,37,2,2,2,1,2,2;0
11,0.9230769230769231,0,0,33,4,0,9.202946466592863,2,13,37,1,3,2,1,2,2;3
11,0.9230769230769231,1,0,44,8,1,-7.9277744202228035,2,11,37,0,4,2,1,3,3;2
11,0.9230769230769231,0,1,0,0,0,2,58.51265325079999,32,40,3,2,2,2,5,0;0
11,0.9230769230769231,0,1,14,0,0,-9.823534267505273,2,74,11,1,2,2,2,4,2;0
11,0.9230769230769231,0,1,0,0,0,2,2,37,84,2,3,2,2,3,2;0
11,0.9230769230769231,0,1,0,0,0,2,2,28,76,3,3,2,2,3,1;0
11,0.9230769230769231,0,1,0,0,0,2,11.462517929652172,29,107,4,3,2,1,2,0;0
11,0.9230769230769231,0,0,0,2,0,2,2,22,50,4,4,3,1,2,1;0
11,0.9230769230769231,1,0,24,10,1,-41.510601077468486,2,61,8,0,3,3,3,4,3;10
11,0.9230769230769231,0,0,0,3,1,2,2,42,29,1,3,3,3,4,3;0
11,0.9230769230769231,0,0,18,2,1,22.49602280747913,2,57,56,2,2,2,2,5,1;2
11,0.9230769230769231,0,1,0,0,0,2,2,12,49,1,2,2,1,1,1;0
11,0.9230769230769231,0,1,0,0,0,2,2,12,40,1,3,3,2,2,2;0
11,0.9230769230769231,0,1,0,0,0,2,2,15,48,1,2,2,1,2,2;0
11,0.9230769230769231,0,1,0,0,0,2,2,39,28,5,3,2,2,2,2;0
11,0.9230769230769231,0,1,23,0,0,-14.795024762233254,2,50,20,6,4,3,2,3,3;0
11,0.9230769230769231,0,1,0,0,0,0,2,21,0,7,4,4,3,4,4;0
11,0.9230769230769231,0,0,8,2,0,24.62156836418952,2,31,22,5,4,3,1,3,3;0
11,0.9230769230769231,0,0,9,3,1,-11.5,2,49,4,7,4,4,3,4,4;3
11,0.9230769230769231,1,0,38,8,1,-39.16399018305163,2,34,27,0,3,3,2,2,2;2
11,0.9230769230769231,0,1,0,0,0,2,2,6,57,1,5,2,2,1,1;0
11,0.9230769230769231,0,1,0,0,0,2,21.635549089510327,21,60,1,5,2,1,0,0;1
11,0.9230769230769231,1,0,29,8,1,-18.863104875010208,2,21,26,0,6,3,2,1,1;0
11,0.9230769230769231,0,1,12,0,0,-25.154700538379252,2,25,0,1,5,5,3,3,3;3
11,0.9230769230769231,0,1,0,0,0,0,2,54,0,7,7,6,2,6,6;0
11,0.9230769230769231,0,1,0,0,0,0,2,20,0,3,8,8,3,6,6;0
11,0.9230769230769231,0,1,27,0,0,-56.471816446099886,2,57,0,6,8,6,2,7,7;0
11,0.9230769230769231,0,1,0,0,0,2,2,54,4,7,7,6,1,6,6;0
11,0.9230769230769231,0,1,2,0,0,-4.0,2,54,0,6,7,5,2,6,6;0
11,0.9230769230769231,1,0,4,12,1,-8.0,2,11,0,0,6,6,4,4,4;2
11,0.9230769230769231,1,0,3,8,1,-6.0,2,26,0,7,8,6,3,7,7;0
11,0.9230769230769231,0,0,6,2,1,-12.0,2,29,0,8,7,5,2,6,6;2
11,0.9230769230769231,0,0,0,3,1,0,2,20,0,8,8,7,3,7,7;0
11,0.9230769230769231,0,0,0,10,1,0,0,0,0,2,7,7,4,5,5;0
12,0.9615384615384616,0,1,0,0,0,2,-2.0,0,56,3,2,2,1,4,0;0
12,0.9615384615384616,0,1,14,0,0,-9.522584476874982,2,42,16,1,2,2,2,5,2;0
12,0.9615384615384616,0,1,0,0,0,2,-33.267879393843636,11,50,2,3,2,2,2,0;0
12,0.9615384615384616,1,0,16,10,1,-16.727272727272723,2,24,22,0,3,3,3,4,2;8
12,0.9615384615384616,0,0,17,3,1,-17.911326320782404,2,20,22,1,3,3,3,3,1;3
12,0.9615384615384616,0,0,20,2,1,14.12710708025918,2,25,57,2,2,2,1,4,1;2
12,0.9615384615384616,0,1,0,0,0,2,2,20,28,1,2,2,1,1,1;0
12,0.9615384615384616,0,1,0,0,0,2,2,20,28,1,3,3,2,2,2;0
12,0.9615384615384616,0,1,0,0,0,2,2,20,28,1,2,2,1,2,1;0
12,0.9615384615384616,0,1,0,0,0,2,2,44,3,5,3,2,2,2,3;0
12,0.9615384615384616,0,1,3,0,0,-6.0,2,36,0,6,4,3,3,3,4;0
12,0.9615384615384616,0,1,0,0,0,0,2,24,0,7,5,4,3,4,5;0
12,0.9615384615384616,0,0,21,2,0,-43.20850892721589,2,48,0,5,4,3,2,3,3;0
12,0.9615384615384616,0,0,9,3,1,-18.0,2,51,0,7,4,4,3,4,5;3
12,0.9615384615384616,1,0,41,8,1,-66.4713361122616,2,42,7,0,3,3,2,2,2;2
12,0.9615384615384616,0,1,0,0,0,0,2,75,0,1,5,5,3,5,5;4
12,0.9615384615384616,0,1,0,0,0,0,2,55,0,7,7,6,2,8,8;0
12,0.9615384615384616,0,1,0,0,0,0,0,0,0,3,8,8,3,8,8;0
12,0.9615384615384616,0,1,0,0,0,0,2,31,0,6,8,6,2,7,7;0
12,0.9615384615384616,0,1,0,0,0,0,2,55,0,7,7,6,1,7,7;0
12,0.9615384615384616,0,1,0,0,0,0,2,31,0,6,7,5,2,6,6;0
12,0.9615384615384616,1,0,16,12,1,-32.0,2,44,0,0,6,6,4,6,6;8
12,0.9615384615384616,1,0,0,8,1,0,0,0,0,7,8,6,3,7,7;0
12,0.9615384615384616,0,0,6,2,1,-12.0,2,12,0,8,7,5,2,6,6;2
12,0.9615384615384616,0,0,0,3,1,0,0,0,0,8,8,7,3,9,9;0
12,0.9615384615384616,0,0,0,10,1,0,0,0,0,2,7,7,4,7,7;0
13,1.0,0,1,0,0,0,2,0,0,3,2,2,2,1,3,3;0
13,1.0,0,0,34,4,0,-41.13963579959528,2,13,8,1,3,2,1,3,3;0
13,1.0,1,0,28,8,1,-40.12414201859255,2,13,4,0,4,2,1,3,3;6
10,0.8846153846153846,0,1,0,0,0,0,2,10,0,1,5,4,3,5,5;0
10,0.8846153846153846,0,1,21,0,0,-28.09658508866346,2,60,9,7,2,2,2,4,4;2
10,0.8846153846153846,0,1,0,0,0,0,2,24,0,3,4,4,3,8,8;0
10,0.8846153846153846,0,1,0,0,0,2,2,57,13,7,2,2,1,4,4;0
10,0.8846153846153846,1,0,1,12,1,-2.0,2,4,0,0,6,5,4,6,6;1
10,0.8846153846153846,0,0,5,2,1,-10.392837100659193,2,36,0,8,3,3,2,5,5;2
10,0.8846153846153846,0,0,9,3,1,-18.813250060790445,2,29,0,8,3,3,3,5,5;1
10,0.8846153846153846,0,0,0,10,1,0,2,4,0,2,5,5,4,7,7;0
11,0.9230769230769231,0,1,0,0,0,2,2,6,37,2,2,2,1,2,2;0
11,0.9230769230769231,0,0,33,4,0,9.202946466592863,2,13,37,1,3,2,1,2,2;3
11,0.9230769230769231,1,0,44,8,1,-7.9277744202228035,2,11,37,0,4,2,1,3,3;2
11,0.9230769230769231,0,1,0,0,0,2,2,12,49,1,2,2,1,1,1;0
11,0.9230769230769231,0,1,0,0,0,2,2,12,40,1,3,3,2,2,2;0
11,0.9230769230769231,0,1,0,0,0,2,2,15,48,1,2,2,1,2,2;0
11,0.9230769230769231,0,1,0,0,0,2,2,39,28,5,3,2,2,2,2;0
11,0.9230769230769231,0,1,23,0,0,-14.795024762233254,2,50,20,6,4,3,2,3,3;0
11,0.9230769230769231,0,1,0,0,0,0,2,21,0,7,4,4,3,4,4;0
11,0.9230769230769231,0,0,8,2,0,24.62156836418952,2,31,22,5,4,3,1,3,3;0
11,0.9230769230769231,0,0,9,3,1,-11.5,2,49,4,7,4,4,3,4,4;3
11,0.9230769230769231,1,0,38,8,1,-39.16399018305163,2,34,27,0,3,3,2,2,2;2
11,0.9230769230769231,0,1,0,0,0,2,2,6,57,1,5,2,2,1,1;0
11,0.9230769230769231,0,1,0,0,0,2,21.635549089510327,21,60,1,5,2,1,0,0;1
11,0.9230769230769231,1,0,29,8,1,-18.863104875010208,2,21,26,0,6,3,2,1,1;0
11,0.9230769230769231,0,1,12,0,0,-25.154700538379252,2,25,0,1,5,5,3,3,3;3
11,0.9230769230769231,0,1,0,0,0,0,2,54,0,7,7,6,2,6,6;0
11,0.9230769230769231,0,1,0,0,0,0,2,20,0,3,8,8,3,6,6;0
11,0.9230769230769231,0,1,27,0,0,-56.471816446099886,2,57,0,6,8,6,2,7,7;0
11,0.9230769230769231,0,1,0,0,0,2,2,54,4,7,7,6,1,6,6;0
11,0.9230769230769231,0,1,2,0,0,-4.0,2,54,0,6,7,5,2,6,6;0
11,0.9230769230769231,1,0,4,12,1,-8.0,2,11,0,0,6,6,4,4,4;2
11,0.9230769230769231,1,0,3,8,1,-6.0,2,26,0,7,8,6,3,7,7;0
11,0.9230769230769231,0,0,6,2,1,-12.0,2,29,0,8,7,5,2,6,6;2
11,0.9230769230769231,0,0,0,3,1,0,2,20,0,8,8,7,3,7,7;0
11,0.9230769230769231,0,0,0,10,1,0,0,0,0,2,7,7,4,5,5;0
12,0.9615384615384616,0,1,0,0,0,2,2,6,32,2,2,2,1,2,2;0
12,0.9615384615384616,0,0,23,4,0,65.43721240096376,2,20,50,1,3,2,1,3,3;0
12,0.9615384615384616,1,0,60,8,1,-8.101076262893116,2,20,49,0,4,2,1,3,3;6
12,0.9615384615384616,0,1,0,0,0,2,-2.0,0,56,3,2,2,1,4,0;0
12,0.9615384615384616,0,1,14,0,0,-9.522584476874982,2,42,16,1,2,2,2,5,2;0
12,0.9615384615384616,0,1,0,0,0,2,-33.267879393843636,11,50,2,3,2,2,2,0;0
12,0.9615384615384616,1,0,16,10,1,-16.727272727272723,2,24,22,0,3,3,3,4,2;8
12,0.9615384615384616,0,0,17,3,1,-17.911326320782404,2,20,22,1,3,3,3,3,1;3
12,0.9615384615384616,0,0,20,2,1,14.12710708025918,2,25,57,2,2,2,1,4,1;2
12,0.9615384615384616,0,1,0,0,0,2,2,20,28,1,2,2,1,1,1;0
12,0.9615384615384616,0,1,0,0,0,2,2,20,28,1,3,3,2,2,2;0
12,0.9615384615384616,0,1,0,0,0,2,2,20,28,1,2,2,1,2,1;0
12,0.9615384615384616,0,1,0,0,0,2,2,44,3,5,3,2,2,2,3;0
12,0.9615384615384616,0,1,3,0,0,-6.0,2,36,0,6,4,3,3,3,4;0
12,0.9615384615384616,0,1,0,0,0,0,2,24,0,7,5,4,3,4,5;0
12,0.9615384615384616,0,0,21,2,0,-43.20850892721589,2,48,0,5,4,3,2,3,3;0
12,0.9615384615384616,0,0,9,3,1,-18.0,2,51,0,7,4,4,3,4,5;3
12,0.9615384615384616,1,0,41,8,1,-66.4713361122616,2,42,7,0,3,3,2,2,2;2
12,0.9615384615384616,0,1,0,0,0,0,2,75,0,1,5,5,3,5,5;4
12,0.9615384615384616,0,1,0,0,0,0,2,55,0,7,7,6,2,8,8;0
12,0.9615384615384616,0,1,0,0,0,0,0,0,0,3,8,8,3,8,8;0
12,0.9615384615384616,0,1,0,0,0,0,2,31,0,6,8,6,2,7,7;0
12,0.9615384615384616,0,1,0,0,0,0,2,55,0,7,7,6,1,7,7;0
12,0.9615384615384616,0,1,0,0,0,0,2,31,0,6,7,5,2,6,6;0
12,0.9615384615384616,1,0,16,12,1,-32.0,2,44,0,0,6,6,4,6,6;8
12,0.9615384615384616,1,0,0,8,1,0,0,0,0,7,8,6,3,7,7;0
12,0.9615384615384616,0,0,6,2,1,-12.0,2,12,0,8,7,5,2,6,6;2
12,0.9615384615384616,0,0,0,3,1,0,0,0,0,8,8,7,3,9,9;0
12,0.9615384615384616,0,0,0,10,1,0,0,0,0,2,7,7,4,7,7;0
13,1.0,0,1,0,0,0,2,0,0,3,2,2,2,1,3,3;0
13,1.0,0,0,34,4,0,-41.13963579959528,2,13,8,1,3,2,1,3,3;0
13,1.0,1,0,28,8,1,-40.12414201859255,2,13,4,0,4,2,1,3,3;6
1,0.5384615384615384,0,1,0,0,0,2,12.398100418739418,8,22,3,2,2,1,3,0;0
1,0.5384615384615384,0,1,9,0,0,0.6712724315919303,2,56,10,1,2,2,2,4,2;2
1,0.5384615384615384,0,1,6,0,0,5.992103576459392,2,41,15,2,3,2,2,3,1;1
1,0.5384615384615384,1,0,0,10,1,2,2,56,4,0,3,3,2,4,3;0
1,0.5384615384615384,0,0,5,3,1,-5.949050209369709,2,33,4,1,3,3,3,4,2;1
1,0.5384615384615384,0,0,27,2,1,11.290815395864037,2,42,38,2,2,2,1,4,1;0
1,0.5384615384615384,0,1,0,0,0,2,2,12,28,1,2,2,1,1,1;0
1,0.5384615384615384,0,1,2,0,0,39.15010926557059,2,12,22,1,3,3,2,2,2;0
1,0.5384615384615384,0,1,0,0,0,2,2,12,30,1,2,2,1,2,2;0
1,0.5384615384615384,0,1,0,0,0,2,2,15,27,7,4,4,2,2,1;0
1,0.5384615384615384,0,0,16,3,1,-16.51271728356227,2,19,9,7,4,4,2,3,2;3
1,0.5384615384615384,1,0,24,8,1,-28.61135701766122,2,20,13,0,3,3,2,2,2;3
1,0.5384615384615384,0,1,0,0,0,2,2,37,6,1,5,4,2,3,3;0
1,0.5384615384615384,0,1,0,0,0,0,2,52,0,1,5,4,2,4,4;2
1,0.5384615384615384,1,0,18,8,1,-36.87438564978519,2,35,0,0,6,5,3,4,4;4
1,0.5384615384615384,0,1,0,0,0,0,2,13,0,1,5,5,3,4,3;0
1,0.5384615384615384,0,1,8,0,0,-16.0,2,40,0,3,4,4,3,4,5;2
1,0.5384615384615384,1,0,1,12,1,-2.0,2,10,0,0,6,6,4,5,4;0
1,0.5384615384615384,0,0,12,10,1,-25.154700538379252,2,22,0,2,5,5,4,5,5;0
2,0.5769230769230769,0,1,1,0,0,3.0,2,8,4,2,3,3,2,2,2;0
2,0.5769230769230769,0,1,0,0,0,2,-18.77777777777778,0,33,3,1,1,1,0,0;0
2,0.5769230769230769,0,1,0,0,0,2,2,6,31,2,2,2,1,1,1;0
2,0.5769230769230769,0,0,16,4,0,-15.709432264724995,2,43,14,1,3,3,2,2,2;4
2,0.5769230769230769,0,0,16,2,1,15.240467460718943,2,36,23,2,2,2,1,1,1;0
2,0.5769230769230769,1,0,8,8,1,-11.200000000000001,2,44,8,0,4,4,2,3,3;4
2,0.5769230769230769,0,1,0,0,0,2,32.875406260828754,19,24,3,2,2,1,4,0;0
2,0.5769230769230769,0,1,12,0,0,0.0,2,43,12,1,2,2,2,5,2;2
2,0.5769230769230769,0,1,0,0,0,2,2,27,10,2,3,2,2,2,2;0
2,0.5769230769230769,1,0,12,10,1,-19.42857142857143,2,48,4,0,3,3,2,4,3;4
2,0.5769230769230769,0,0,5,3,1,-5.949050209369709,2,39,4,1,3,3,3,3,3;2
2,0.5769230769230769,0,0,4,2,1,41.67506302543202,2,32,30,2,2,2,1,4,1;0
2,0.5769230769230769,0,1,3,0,0,2.607162899340807,2,37,6,1,5,4,3,3,3;2
2,0.5769230769230769,0,1,0,0,0,0,2,43,0,2,4,3,3,3,2;0
2,0.5769230769230769,0,1,0,0,0,0,2,55,0,1,5,4,2,4,3;0
2,0.5769230769230769,1,0,15,8,1,-30.629940788348712,2,24,0,0,6,5,3,4,4;1
2,0.5769230769230769,0,0,2,2,1,-4.0,2,30,0,3,4,4,2,4,3;1
2,0.5769230769230769,0,1,0,0,0,0,2,4,0,1,5,5,3,5,5;0
2,0.5769230769230769,0,1,11,0,0,-22.957427107756338,2,52,0,3,4,4,3,4,3;3
2,0.5769230769230769,1,0,0,12,1,0,2,7,0,0,6,6,4,6,6;0
2,0.5769230769230769,0,0,13,10,1,-26.58969197511447,2,25,0,2,5,5,4,5,4;0
3,0.6153846153846154,0,1,1,0,0,32.875406260828754,2,8,19,2,3,3,2,2,2;0
3,0.6153846153846154,0,1,0,0,0,2,-12.816496580927726,6,41,3,1,1,1,0,0;0
3,0.6153846153846154,0,1,0,0,0,2,2,6,31,2,2,2,1,2,2;0
3,0.6153846153846154,0,0,8,4,0,-11.200000000000001,2,35,8,1,3,3,2,2,2;4
3,0.6153846153846154,0,0,10,2,1,37.31158697509619,2,31,30,2,2,2,1,1,1;0
3,0.6153846153846154,1,0,8,8,1,-11.200000000000001,2,35,8,0,4,4,2,3,3;4
3,0.6153846153846154,0,1,0,0,0,2,40.813250060790445,23,22,3,2,2,1,3,0;0
3,0.6153846153846154,0,1,12,0,0,-5.510303514415156,2,49,20,1,2,2,2,4,2;0
3,0.6153846153846154,0,1,0,0,0,2,2,31,8,2,3,2,2,2,2;0
3,0.6153846153846154,1,0,11,10,1,-18.303977689400185,2,51,8,0,3,3,2,4,3;6
3,0.6153846153846154,0,0,6,3,1,-7.777777777777779,2,44,8,1,3,3,3,3,3;2
3,0.6153846153846154,0,0,4,2,1,48.593268090964884,2,38,38,2,2,2,1,4,1;0
3,0.6153846153846154,0,1,0,0,0,2,2,10,35,1,2,2,1,1,1;0
3,0.6153846153846154,0,1,0,0,0,2,2,12,20,1,3,3,2,2,2;0
3,0.6153846153846154,0,1,0,0,0,2,2,10,35,1,2,2,1,2,2;0
3,0.6153846153846154,0,1,0,0,0,2,2,15,23,7,4,3,2,2,1;0
3,0.6153846153846154,0,0,32,3,1,-6.8765929578853076,2,22,32,7,4,4,1,3,2;3
3,0.6153846153846154,1,0,37,8,1,-67.67226048804642,2,26,8,0,3,3,2,2,2;3
3,0.6153846153846154,0,1,19,0,0,-3.548051544320039,2,40,23,1,5,4,3,2,2;6
3,0.6153846153846154,0,1,0,0,0,0,2,40,0,2,4,3,3,2,2;0
3,0.6153846153846154,0,1,0,0,0,0,2,58,0,1,5,4,2,3,3;0
3,0.6153846153846154,1,0,4,8,1,-8.0,2,18,0,0,6,5,3,3,3;0
3,0.6153846153846154,0,0,2,2,1,-4.0,2,27,0,3,4,4,3,3,3;0
3,0.6153846153846154,0,1,0,0,0,0,2,16,0,1,5,5,3,5,5;0
3,0.6153846153846154,0,1,54,0,0,-99.98836361170859,2,64,6,3,4,4,3,4,3;4
3,0.6153846153846154,1,0,0,12,1,0,2,19,0,0,6,6,4,6,6;0
3,0.6153846153846154,0,0,13,10,1,-26.58969197511447,2,30,0,2,5,5,4,5,4;1
4,0.6538461538461539,0,1,1,0,0,40.813250060790445,2,11,23,2,3,3,2,2,2;0
4,0.6538461538461539,0,1,0,0,0,2,-12.816496580927726,6,49,3,1,1,1,0,0;0
4,0.6538461538461539,0,1,0,0,0,2,2,9,35,2,2,2,1,2,2;0
4,0.6538461538461539,0,0,8,4,0,-5.333333333333332,2,34,12,1,3,3,2,2,2;4
4,0.6538461538461539,0,0,6,2,1,63.41529184312054,2,32,38,2,2,2,1,1,1;0
4,0.6538461538461539,1,0,8,8,1,-4.098100418739419,2,33,12,0,4,4,2,3,3;3
4,0.6538461538461539,0,1,0,0,0,2,3.0,4,25,3,2,2,1,3,0;0
4,0.6538461538461539,0,1,12,0,0,-5.510303514415156,2,47,20,1,2,2,2,4,2;0
4,0.6538461538461539,0,1,0,0,0,2,2,31,8,2,3,2,2,4,5;0
4,0.6538461538461539,0,1,7,0,0,-15.188075180173737,2,30,0,3,3,2,2,3,5;0
4,0.6538461538461539,0,1,0,0,0,2,2,19,24,4,3,2,1,2,4;0
4,0.6538461538461539,0,0,5,2,0,12.273829566007475,2,16,15,4,4,3,1,3,5;1
4,0.6538461538461539,1,0,17,10,1,-30.639822365046136,2,48,8,0,3,3,3,5,3;4
4,0.6538461538461539,0,0,8,3,1,-10.898100418739418,2,41,8,1,3,3,3,5,4;2
4,0.6538461538461539,0,0,4,2,1,50.515587028960546,2,39,40,2,2,2,1,4,1;0
4,0.6538461538461539,0,1,27,0,0,-39.793419600440615,2,44,12,1,5,4,3,3,3;1
4,0.6538461538461539,0,1,0,0,0,2,2,44,7,2,4,3,2,2,2;0
4,0.6538461538461539,0,1,0,0,0,0,2,48,0,1,5,4,3,3,3;0
4,0.6538461538461539,1,0,8,8,1,-16.0,2,23,0,0,6,5,4,4,4;2
4,0.6538461538461539,0,0,14,2,1,-20.491815807428043,2,26,4,3,4,4,3,3,3;2
4,0.6538461538461539,0,1,0,0,0,0,0,0,0,1,5,4,3,5,5;0
4,0.6538461538461539,0,1,7,0,0,-6.833333333333332,2,64,6,3,4,4,3,4,3;4
4,0.6538461538461539,1,0,0,12,1,0,2,12,0,0,6,5,4,6,6;0
4,0.6538461538461539,0,0,0,10,1,0,2,21,0,2,5,5,4,5,4;0
5,0.6923076923076923,0,1,1,0,0,3.0,2,11,4,2,3,3,2,2,2;0
5,0.6923076923076923,0,1,0,0,0,2,-24.816496580927726,0,48,3,1,1,1,0,0;0
5,0.6923076923076923,0,1,0,0,0,2,2,9,35,2,2,2,1,2,2;0
5,0.6923076923076923,0,0,24,4,0,15.06725305214708,2,29,38,1,3,3,1,2,2;4
5,0.6923076923076923,0,0,6,2,1,60.276922307076305,2,22,43,2,2,2,1,1,1;0
5,0.6923076923076923,1,0,10,8,1,-9.714285714285715,2,30,12,0,4,4,2,3,3;5
5,0.6923076923076923,0,1,0,0,0,2,10.0,8,25,3,2,2,1,3,0;0
5,0.6923076923076923,0,1,12,0,0,1.7608536882619,2,60,14,1,2,2,2,4,2;2
5,0.6923076923076923,0,1,0,0,0,2,2,31,17,2,3,2,2,4,4;0
5,0.6923076923076923,0,1,0,0,0,0,2,16,0,3,3,2,2,3,3;0
5,0.6923076923076923,0,1,0,0,0,2,2,8,27,4,3,2,1,2,2;0
5,0.6923076923076923,0,0,2,2,0,-4.0,2,15,0,4,4,3,2,3,3;1
5,0.6923076923076923,1,0,16,10,1,-24.20363977106481,2,44,8,0,3,3,3,5,3;7
5,0.6923076923076923,0,0,0,3,1,2,2,33,8,1,3,3,3,5,4;0
5,0.6923076923076923,0,0,15,2,1,-5.815913806131196,2,42,25,2,2,2,1,4,1;0
5,0.6923076923076923,0,1,0,0,0,2,2,17,35,1,2,2,1,1,1;0
5,0.6923076923076923,0,1,0,0,0,2,2,19,35,1,3,3,2,2,2;0
5,0.6923076923076923,0,1,0,0,0,2,2,17,43,1,2,2,1,2,2;0
5,0.6923076923076923,0,1,0,0,0,2,2,15,10,7,4,2,2,3,3;0
5,0.6923076923076923,0,0,18,3,1,-31.811326320782406,2,29,4,7,4,3,2,4,4;3
5,0.6923076923076923,1,0,45,8,1,-57.80288497752357,2,37,23,0,3,3,2,2,2;3
5,0.6923076923076923,0,1,29,0,0,-42.60854416646912,2,48,12,1,5,4,3,3,3;2
5,0.6923076923076923,0,1,0,0,0,2,2,57,3,2,4,3,2,2,2;1
5,0.6923076923076923,0,1,0,0,0,2,2,46,12,1,5,4,3,3,3;0
5,0.6923076923076923,1,0,10,8,1,-20.0,2,25,0,0,6,5,4,4,4;1
5,0.6923076923076923,0,0,7,2,1,-14.392837100659193,2,29,0,3,4,4,3,3,3;1
5,0.6923076923076923,0,1,0,0,0,0,2,12,0,1,5,4,3,3,3;0
5,0.6923076923076923,0,1,0,0,0,2,2,76,6,3,4,4,3,4,3;0
5,0.6923076923076923,1,0,0,12,1,0,2,12,0,0,6,5,4,4,4;0
5,0.6923076923076923,0,0,3,10,1,-6.0,2,30,0,2,5,5,4,5,4;3
6,0.7307692307692308,0,1,0,0,0,2,2,9,35,2,2,2,1,2,2;0
6,0.7307692307692308,0,0,6,4,0,-0.7999999999999989,2,38,12,1,3,2,2,3,3;3
6,0.7307692307692308,1,0,8,8,1,-5.333333333333332,2,38,12,0,4,2,2,3,3;4
6,0.7307692307692308,0,1,0,0,0,2,2,17,34,1,2,2,1,1,1;0
6,0.7307692307692308,0,1,0,0,0,2,2,19,16,1,3,3,2,2,2;0
6,0.7307692307692308,0,1,0,0,0,2,2,17,34,1,2,2,1,2,2;0
6,0.7307692307692308,0,1,0,0,0,2,2,12,12,7,4,2,2,2,1;0
6,0.7307692307692308,0,0,9,3,1,-18.0,2,32,0,7,4,3,2,3,2;3
6,0.7307692307692308,1,0,45,8,1,-89.20872763090661,2,37,4,0,3,3,2,2,2;0
6,0.7307692307692308,0,1,12,0,0,107.93717119911938,2,46,70,1,5,4,2,1,1;1
6,0.7307692307692308,0,1,4,0,0,17.6,2,46,24,2,4,3,2,2,2;0
6,0.7307692307692308,0,1,4,0,0,13.333333333333332,2,41,12,1,5,4,3,2,2;1
6,0.7307692307692308,1,0,34,8,1,-47.86071472524688,2,24,12,0,6,5,3,2,2;2
6,0.7307692307692308,0,0,5,2,1,-10.392837100659193,2,26,0,3,4,4,3,3,3;2
6,0.7307692307692308,0,1,0,0,0,0,2,12,0,1,5,4,3,4,4;0
6,0.7307692307692308,0,1,0,0,0,0,2,24,0,3,4,4,3,4,3;0
6,0.7307692307692308,1,0,0,12,1,0,2,12,0,0,6,5,4,5,5;0
6,0.7307692307692308,0,0,3,10,1,-6.0,2,24,0,2,5,5,4,5,4;3
7,0.7692307692307692,0,1,0,0,0,2,2,9,30,2,2,2,1,1,1;0
7,0.7692307692307692,0,0,8,4,0,11.213261061166616,2,29,19,1,3,2,2,2,2;4
7,0.7692307692307692,1,0,26,8,1,-25.70761976601841,2,28,19,0,4,2,1,3,3;3
3,0.6153846153846154,0,1,0,0,0,0,2,16,0,1,5,5,3,5,5;0
3,0.6153846153846154,0,1,54,0,0,-99.98836361170859,2,64,6,3,4,4,3,4,3;4
3,0.6153846153846154,1,0,0,12,1,0,2,19,0,0,6,6,4,6,6;0
3,0.6153846153846154,0,0,13,10,1,-26.58969197511447,2,30,0,2,5,5,4,5,4;1
4,0.6538461538461539,0,1,1,0,0,40.813250060790445,2,11,23,2,3,3,2,2,2;0
4,0.6538461538461539,0,1,0,0,0,2,-12.816496580927726,6,49,3,1,1,1,0,0;0
4,0.6538461538461539,0,1,0,0,0,2,2,9,35,2,2,2,1,2,2;0
4,0.6538461538461539,0,0,8,4,0,-5.333333333333332,2,34,12,1,3,3,2,2,2;4
4,0.6538461538461539,0,0,6,2,1,63.41529184312054,2,32,38,2,2,2,1,1,1;0
4,0.6538461538461539,1,0,8,8,1,-4.098100418739419,2,33,12,0,4,4,2,3,3;3
4,0.6538461538461539,0,1,0,0,0,2,3.0,4,25,3,2,2,1,3,0;0
4,0.6538461538461539,0,1,12,0,0,-5.510303514415156,2,47,20,1,2,2,2,4,2;0
4,0.6538461538461539,0,1,0,0,0,2,2,31,8,2,3,2,2,4,5;0
4,0.6538461538461539,0,1,7,0,0,-15.188075180173737,2,30,0,3,3,2,2,3,5;0
4,0.6538461538461539,0,1,0,0,0,2,2,19,24,4,3,2,1,2,4;0
4,0.6538461538461539,0,0,5,2,0,12.273829566007475,2,16,15,4,4,3,1,3,5;1
4,0.6538461538461539,1,0,17,10,1,-30.639822365046136,2,48,8,0,3,3,3,5,3;4
4,0.6538461538461539,0,0,8,3,1,-10.898100418739418,2,41,8,1,3,3,3,5,4;2
4,0.6538461538461539,0,0,4,2,1,50.515587028960546,2,39,40,2,2,2,1,4,1;0
4,0.6538461538461539,0,1,0,0,0,2,2,14,35,1,2,2,1,1,1;0
4,0.6538461538461539,0,1,0,0,0,2,2,16,16,1,3,3,2,2,2;0
4,0.6538461538461539,0,1,0,0,0,2,2,14,35,1,2,2,1,2,2;0
4,0.6538461538461539,0,1,0,0,0,2,2,19,21,7,4,2,2,2,2;0
4,0.6538461538461539,0,0,32,3,1,-52.751348260777064,2,29,11,7,4,3,2,3,3;3
4,0.6538461538461539,1,0,38,8,1,-75.00084041958127,2,30,4,0,3,3,2,2,2;1
4,0.6538461538461539,0,1,0,0,0,0,0,0,0,1,5,4,3,5,5;0
4,0.6538461538461539,0,1,7,0,0,-6.833333333333332,2,64,6,3,4,4,3,4,3;4
4,0.6538461538461539,1,0,0,12,1,0,2,12,0,0,6,5,4,6,6;0
4,0.6538461538461539,0,0,0,10,1,0,2,21,0,2,5,5,4,5,4;0
5,0.6923076923076923,0,1,1,0,0,3.0,2,11,4,2,3,3,2,2,2;0
5,0.6923076923076923,0,1,0,0,0,2,-24.816496580927726,0,48,3,1,1,1,0,0;0
5,0.6923076923076923,0,1,0,0,0,2,2,9,35,2,2,2,1,2,2;0
5,0.6923076923076923,0,0,24,4,0,15.06725305214708,2,29,38,1,3,3,1,2,2;4
5,0.6923076923076923,0,0,6,2,1,60.276922307076305,2,22,43,2,2,2,1,1,1;0
5,0.6923076923076923,1,0,10,8,1,-9.714285714285715,2,30,12,0,4,4,2,3,3;5
5,0.6923076923076923,0,1,0,0,0,2,10.0,8,25,3,2,2,1,3,0;0
5,0.6923076923076923,0,1,12,0,0,1.7608536882619,2,60,14,1,2,2,2,4,2;2
5,0.6923076923076923,0,1,0,0,0,2,2,31,17,2,3,2,2,4,4;0
5,0.6923076923076923,0,1,0,0,0,0,2,16,0,3,3,2,2,3,3;0
5,0.6923076923076923,0,1,0,0,0,2,2,8,27,4,3,2,1,2,2;0
5,0.6923076923076923,0,0,2,2,0,-4.0,2,15,0,4,4,3,2,3,3;1
5,0.6923076923076923,1,0,16,10,1,-24.20363977106481,2,44,8,0,3,3,3,5,3;7
5,0.6923076923076923,0,0,0,3,1,2,2,33,8,1,3,3,3,5,4;0
5,0.6923076923076923,0,0,15,2,1,-5.815913806131196,2,42,25,2,2,2,1,4,1;0
5,0.6923076923076923,0,1,0,0,0,2,2,17,35,1,2,2,1,1,1;0
5,0.6923076923076923,0,1,0,0,0,2,2,19,35,1,3,3,2,2,2;0
5,0.6923076923076923,0,1,0,0,0,2,2,17,43,1,2,2,1,2,2;0
5,0.6923076923076923,0,1,0,0,0,2,2,15,10,7,4,2,2,3,3;0
5,0.6923076923076923,0,0,18,3,1,-31.811326320782406,2,29,4,7,4,3,2,4,4;3
5,0.6923076923076923,1,0,45,8,1,-57.80288497752357,2,37,23,0,3,3,2,2,2;3
5,0.6923076923076923,0,1,29,0,0,-42.60854416646912,2,48,12,1,5,4,3,3,3;2
5,0.6923076923076923,0,1,0,0,0,2,2,57,3,2,4,3,2,2,2;1
5,0.6923076923076923,0,1,0,0,0,2,2,46,12,1,5,4,3,3,3;0
5,0.6923076923076923,1,0,10,8,1,-20.0,2,25,0,0,6,5,4,4,4;1
5,0.6923076923076923,0,0,7,2,1,-14.392837100659193,2,29,0,3,4,4,3,3,3;1
5,0.6923076923076923,0,1,0,0,0,0,2,12,0,1,5,4,3,3,3;0
5,0.6923076923076923,0,1,0,0,0,2,2,76,6,3,4,4,3,4,3;0
5,0.6923076923076923,1,0,0,12,1,0,2,12,0,0,6,5,4,4,4;0
5,0.6923076923076923,0,0,3,10,1,-6.0,2,30,0,2,5,5,4,5,4;3
6,0.7307692307692308,0,1,0,0,0,2,2,9,35,2,2,2,1,2,2;0
6,0.7307692307692308,0,0,6,4,0,-0.7999999999999989,2,38,12,1,3,2,2,3,3;3
6,0.7307692307692308,1,0,8,8,1,-5.333333333333332,2,38,12,0,4,2,2,3,3;4
6,0.7307692307692308,0,1,0,0,0,2,26.879927727833284,16,19,3,2,2,2,3,0;0
6,0.7307692307692308,0,1,12,0,0,8.075164322689705,2,60,26,1,2,2,2,4,2;0
6,0.7307692307692308,0,1,7,0,0,-3.188075180173737,2,34,8,2,3,2,2,4,4;0
6,0.7307692307692308,0,1,0,0,0,2,2,20,12,3,3,2,2,3,3;0
6,0.7307692307692308,0,1,1,0,0,24.666666666666664,2,20,27,4,3,2,1,2,2;1
6,0.7307692307692308,0,0,2,2,0,18.4,2,19,12,4,4,3,2,3,3;0
6,0.7307692307692308,1,0,6,10,1,-0.7999999999999989,2,41,8,0,3,3,3,5,3;3
6,0.7307692307692308,0,0,13,3,1,-15.639783183499844,2,28,8,1,3,3,3,5,4;3
6,0.7307692307692308,0,0,35,2,1,-7.258384537772635,2,48,56,2,2,2,1,4,1;2
6,0.7307692307692308,0,1,12,0,0,107.93717119911938,2,46,70,1,5,4,2,1,1;1
6,0.7307692307692308,0,1,4,0,0,17.6,2,46,24,2,4,3,2,2,2;0
6,0.7307692307692308,0,1,4,0,0,13.333333333333332,2,41,12,1,5,4,3,2,2;1
6,0.7307692307692308,1,0,34,8,1,-47.86071472524688,2,24,12,0,6,5,3,2,2;2
6,0.7307692307692308,0,0,5,2,1,-10.392837100659193,2,26,0,3,4,4,3,3,3;2
6,0.7307692307692308,0,1,0,0,0,0,2,12,0,1,5,4,3,4,4;0
6,0.7307692307692308,0,1,0,0,0,0,2,24,0,3,4,4,3,4,3;0
6,0.7307692307692308,1,0,0,12,1,0,2,12,0,0,6,5,4,5,5;0
6,0.7307692307692308,0,0,3,10,1,-6.0,2,24,0,2,5,5,4,5,4;3
7,0.7692307692307692,0,1,0,0,0,2,2,9,30,2,2,2,1,1,1;0
7,0.7692307692307692,0,0,8,4,0,11.213261061166616,2,29,19,1,3,2,2,2,2;4
7,0.7692307692307692,1,0,26,8,1,-25.70761976601841,2,28,19,0,4,2,1,3,3;3
7,0.7692307692307692,0,1,0,0,0,2,54.85555555555556,30,19,3,2,2,2,3,0;0
7,0.7692307692307692,0,1,12,0,0,8.075164322689705,2,58,17,1,2,2,2,4,2;0
7,0.7692307692307692,0,1,0,0,0,2,2,32,8,2,3,2,2,5,5;0
7,0.7692307692307692,0,1,7,0,0,-3.188075180173737,2,37,8,3,3,2,1,4,4;0
7,0.7692307692307692,0,1,0,0,0,2,2,14,33,4,3,2,1,3,3;0
7,0.7692307692307692,0,0,16,2,0,-28.22222222222222,2,27,1,4,4,3,1,4,4;2
7,0.7692307692307692,1,0,15,10,1,-22.01975347489294,2,49,8,0,3,3,3,5,3;4
7,0.7692307692307692,0,0,0,3,1,2,2,32,8,1,3,3,3,5,4;0
7,0.7692307692307692,0,0,18,2,1,-21.426500121580894,2,67,17,2,2,2,2,4,1;2
7,0.7692307692307692,0,1,0,0,0,2,2,21,50,1,2,2,1,1,1;0
7,0.7692307692307692,0,1,0,0,0,2,2,23,32,1,3,3,2,2,2;0
7,0.7692307692307692,0,1,0,0,0,2,2,21,50,1,2,2,1,2,2;0
7,0.7692307692307692,0,1,0,0,0,2,2,16,7,7,4,2,2,2,1;0
7,0.7692307692307692,0,0,24,3,1,-50.257654039853854,2,34,0,7,4,3,2,3,2;3
7,0.7692307692307692,1,0,48,8,1,-57.83633956230592,2,42,20,0,3,3,2,2,2;2
7,0.7692307692307692,0,1,2,0,0,164.6399735540468,-19.56033699710735,22,86,1,5,4,2,1,0;1
7,0.7692307692307692,0,1,2,0,0,164.6399735540468,2,27,98,2,4,3,1,1,1;0
7,0.7692307692307692,0,1,0,0,0,2,2,31,60,1,5,4,2,2,1;1
7,0.7692307692307692,1,0,38,8,1,-34.82237632360189,2,27,24,0,6,5,3,2,1;1
7,0.7692307692307692,0,0,10,2,1,23.5862478099124,2,28,31,3,4,4,2,2,2;2
7,0.7692307692307692,0,1,6,0,0,-12.785674201318386,2,13,0,1,5,4,3,5,5;3
7,0.7692307692307692,0,1,0,0,0,0,2,20,0,3,4,4,3,8,6;0
7,0.7692307692307692,0,1,32,0,0,-28.644185361436257,2,84,18,7,2,2,1,4,3;0
7,0.7692307692307692,1,0,4,12,1,-8.0,2,7,0,0,6,5,4,6,6;2
7,0.7692307692307692,0,0,7,2,1,18.884283123963623,2,38,18,8,3,3,1,5,4;0
7,0.7692307692307692,0,0,0,10,1,0,0,0,0,2,5,5,4,7,7;0
8,0.8076923076923077,0,1,0,0,0,2,2,9,38,2,2,2,1,2,2;0
8,0.8076923076923077,0,0,6,4,0,30.89087080637475,2,24,24,1,3,2,2,2,2;3
8,0.8076923076923077,1,0,18,8,1,8.5393304265735,2,26,29,0,4,2,1,3,3;3
8,0.8076923076923077,0,1,0,0,0,2,70.83459536232702,38,23,3,2,2,2,3,0;0
8,0.8076923076923077,0,1,12,0,0,15.57465822435751,2,64,21,1,2,2,2,4,2;0
8,0.8076923076923077,0,1,0,0,0,2,2,28,16,2,3,2,2,4,4;0
8,0.8076923076923077,0,1,7,0,0,-9.688075180173737,2,36,4,3,3,2,2,4,4;0
8,0.8076923076923077,0,1,0,0,0,2,2,30,54,4,3,2,1,3,3;0
8,0.8076923076923077,0,0,10,2,0,-15.333333333333334,2,34,4,4,4,3,2,4,4;0
8,0.8076923076923077,1,0,8,10,1,-1.669438681395203,2,54,12,0,3,3,3,5,3;5
8,0.8076923076923077,0,0,0,3,1,2,2,42,12,1,3,3,3,5,4;0
8,0.8076923076923077,0,0,33,2,1,-43.29530423216636,2,65,25,2,2,2,2,4,1;2
8,0.8076923076923077,0,1,0,0,0,2,42.44444444444444,24,82,1,5,2,2,1,0;0
8,0.8076923076923077,0,1,0,0,0,2,42.44444444444444,24,59,1,5,2,2,1,0;0
8,0.8076923076923077,1,0,26,8,1,9.941747537497015,2,36,36,0,6,3,3,2,1;4
8,0.8076923076923077,0,1,5,0,0,-4.0,2,10,0,1,5,4,3,5,5;0
8,0.8076923076923077,0,1,0,0,0,2,2,74,6,7,2,2,2,4,4;0
8,0.8076923076923077,0,1,0,0,0,0,2,20,0,3,4,4,3,8,8;0
8,0.8076923076923077,0,1,35,0,0,-25.810068526252316,2,70,24,7,2,2,1,4,4;2
8,0.8076923076923077,1,0,0,12,1,0,2,4,0,0,6,5,4,6,6;0
8,0.8076923076923077,0,0,0,2,1,2,2,26,36,8,3,3,1,5,5;0
8,0.8076923076923077,0,0,5,3,1,-10.0,2,30,0,8,3,3,3,5,5;1
8,0.8076923076923077,0,0,0,10,1,0,0,0,0,2,5,5,4,7,7;0
9,0.8461538461538461,0,1,0,0,0,2,2,9,46,2,2,2,1,2,2;0
9,0.8461538461538461,0,0,4,4,0,113.30844511373859,2,21,60,1,3,2,1,2,2;0
9,0.8461538461538461,1,0,64,8,1,-2.2725634247201754,2,22,64,0,4,2,1,3,3;5
9,0.8461538461538461,0,1,0,0,0,2,70.83459536232702,38,48,3,2,2,2,4,0;0
9,0.8461538461538461,0,1,22,0,0,2.391311788304023,2,68,25,1,2,2,2,4,2;1
9,0.8461538461538461,0,1,0,0,0,2,2,46,4,2,3,3,2,3,3;0
9,0.8461538461538461,0,1,0,0,0,2,2,46,34,2,2,2,2,4,4;0
9,0.8461538461538461,0,1,7,0,0,11.451708003326107,2,35,23,3,3,3,2,3,2;0
9,0.8461538461538461,0,1,0,0,0,2,2,40,85,4,3,2,1,3,1;0
9,0.8461538461538461,0,0,6,4,0,85.3601882096341,2,66,77,3,1,1,1,4,3;0
9,0.8461538461538461,0,0,8,2,0,-0.12237836205886055,2,31,10,4,4,3,2,2,2;0
9,0.8461538461538461,1,0,7,10,1,1.7857142857142847,2,50,12,0,3,3,3,4,3;4
9,0.8461538461538461,0,0,0,3,1,2,2,29,12,1,3,3,3,4,4;0
9,0.8461538461538461,0,0,15,2,1,9.987460833347228,2,75,46,2,2,2,2,5,1;2
9,0.8461538461538461,0,1,0,0,0,2,2,21,57,1,2,2,1,1,1;0
9,0.8461538461538461,0,1,0,0,0,2,2,21,45,1,3,3,2,2,2;0
9,0.8461538461538461,0,1,0,0,0,2,2,23,45,1,2,2,1,2,2;0
9,0.8461538461538461,0,1,14,0,0,-29.338877362790406,2,13,0,7,4,2,2,2,2;0
9,0.8461538461538461,0,0,15,3,1,0.5,2,35,16,7,4,2,2,3,3;3
9,0.8461538461538461,1,0,47,8,1,-33.20825850418899,2,42,32,0,3,3,2,2,2;0
9,0.8461538461538461,0,1,0,0,0,2,7.333333333333334,6,60,1,5,2,2,1,0;0
9,0.8461538461538461,0,1,0,0,0,2,7.333333333333334,6,57,1,5,2,2,1,0;0
9,0.8461538461538461,1,0,29,8,1,-18.863104875010208,2,21,26,0,6,3,3,2,1;1
9,0.8461538461538461,0,1,0,0,0,0,2,14,0,1,5,4,3,5,5;0
9,0.8461538461538461,0,1,10,0,0,-8.098100418739419,2,59,6,7,2,2,2,4,4;0
9,0.8461538461538461,0,1,0,0,0,0,2,16,0,3,4,4,3,8,8;0
9,0.8461538461538461,0,1,25,0,0,-41.034519615453064,2,53,6,7,2,2,1,4,4;2
9,0.8461538461538461,1,0,5,12,1,-10.392837100659193,2,8,0,0,6,5,4,6,6;2
9,0.8461538461538461,0,0,0,2,1,2,2,22,22,8,3,3,1,5,5;0
9,0.8461538461538461,0,0,9,3,1,-19.338877362790406,2,28,0,8,3,3,3,5,5;3
9,0.8461538461538461,0,0,0,10,1,0,2,3,0,2,5,5,4,7,7;0
10,0.8846153846153846,0,1,0,0,0,2,2,9,46,2,2,2,1,2,2;0
10,0.8846153846153846,0,0,2,4,0,120.82361238211797,2,14,64,1,3,2,1,2,2;0
10,0.8846153846153846,1,0,61,8,1,11.789089372146123,2,14,65,0,4,2,1,3,3;2
10,0.8846153846153846,0,1,0,0,0,2,50.5652091361136,28,50,3,2,2,2,4,0;0
10,0.8846153846153846,0,1,14,0,0,9.950388510228443,2,45,21,1,2,2,2,4,2;0
10,0.8846153846153846,0,1,0,0,0,2,2,20,12,2,3,2,2,3,2;0
10,0.8846153846153846,0,1,7,0,0,23.301202054919628,2,9,32,3,3,2,2,3,1;0
10,0.8846153846153846,0,1,0,0,0,2,-3.3668488822445255,20,90,4,3,2,1,3,0;0
10,0.8846153846153846,0,0,2,2,0,20.5,2,2,13,4,4,3,2,2,1;0
10,0.8846153846153846,1,0,6,10,1,-0.7999999999999989,2,11,8,0,3,3,3,4,3;0
10,0.8846153846153846,0,0,0,3,1,2,2,3,8,1,3,3,3,4,3;0
10,0.8846153846153846,0,0,8,2,1,31.644259542401663,2,41,48,2,2,2,2,5,1;0
10,0.8846153846153846,0,1,0,0,0,2,2,11,46,1,2,2,1,1,1;0
10,0.8846153846153846,0,1,0,0,0,2,2,11,43,1,3,3,2,2,2;0
10,0.8846153846153846,0,1,0,0,0,2,2,20,43,1,2,2,1,2,2;0
10,0.8846153846153846,0,1,0,0,0,2,2,14,4,7,4,2,2,2,2;0
10,0.8846153846153846,0,0,10,3,1,-8.851179835197101,2,37,7,7,4,3,2,3,3;3
10,0.8846153846153846,1,0,39,8,1,-26.461637999164836,2,32,30,0,3,3,2,2,2;2
7,0.7692307692307692,0,1,0,0,0,2,2,21,50,1,2,2,1,1,1;0
7,0.7692307692307692,0,1,0,0,0,2,2,23,32,1,3,3,2,2,2;0
7,0.7692307692307692,0,1,0,0,0,2,2,21,50,1,2,2,1,2,2;0
7,0.7692307692307692,0,1,0,0,0,2,2,16,7,7,4,2,2,2,1;0
7,0.7692307692307692,0,0,24,3,1,-50.257654039853854,2,34,0,7,4,3,2,3,2;3
7,0.7692307692307692,1,0,48,8,1,-57.83633956230592,2,42,20,0,3,3,2,2,2;2
7,0.7692307692307692,0,1,2,0,0,164.6399735540468,-19.56033699710735,22,86,1,5,4,2,1,0;1
7,0.7692307692307692,0,1,2,0,0,164.6399735540468,2,27,98,2,4,3,1,1,1;0
7,0.7692307692307692,0,1,0,0,0,2,2,31,60,1,5,4,2,2,1;1
7,0.7692307692307692,1,0,38,8,1,-34.82237632360189,2,27,24,0,6,5,3,2,1;1
7,0.7692307692307692,0,0,10,2,1,23.5862478099124,2,28,31,3,4,4,2,2,2;2
7,0.7692307692307692,0,1,6,0,0,-12.785674201318386,2,13,0,1,5,4,3,5,5;3
7,0.7692307692307692,0,1,0,0,0,0,2,20,0,3,4,4,3,8,6;0
7,0.7692307692307692,0,1,32,0,0,-28.644185361436257,2,84,18,7,2,2,1,4,3;0
7,0.7692307692307692,1,0,4,12,1,-8.0,2,7,0,0,6,5,4,6,6;2
7,0.7692307692307692,0,0,7,2,1,18.884283123963623,2,38,18,8,3,3,1,5,4;0
7,0.7692307692307692,0,0,0,10,1,0,0,0,0,2,5,5,4,7,7;0
8,0.8076923076923077,0,1,0,0,0,2,2,9,38,2,2,2,1,2,2;0
8,0.8076923076923077,0,0,6,4,0,30.89087080637475,2,24,24,1,3,2,2,2,2;3
8,0.8076923076923077,1,0,18,8,1,8.5393304265735,2,26,29,0,4,2,1,3,3;3
8,0.8076923076923077,0,1,0,0,0,2,70.83459536232702,38,23,3,2,2,2,3,0;0
8,0.8076923076923077,0,1,12,0,0,15.57465822435751,2,64,21,1,2,2,2,4,2;0
8,0.8076923076923077,0,1,0,0,0,2,2,28,16,2,3,2,2,4,4;0
8,0.8076923076923077,0,1,7,0,0,-9.688075180173737,2,36,4,3,3,2,2,4,4;0
8,0.8076923076923077,0,1,0,0,0,2,2,30,54,4,3,2,1,3,3;0
8,0.8076923076923077,0,0,10,2,0,-15.333333333333334,2,34,4,4,4,3,2,4,4;0
8,0.8076923076923077,1,0,8,10,1,-1.669438681395203,2,54,12,0,3,3,3,5,3;5
8,0.8076923076923077,0,0,0,3,1,2,2,42,12,1,3,3,3,5,4;0
8,0.8076923076923077,0,0,33,2,1,-43.29530423216636,2,65,25,2,2,2,2,4,1;2
8,0.8076923076923077,0,1,0,0,0,2,2,25,54,1,2,2,1,1,1;0
8,0.8076923076923077,0,1,0,0,0,2,2,21,36,1,3,3,2,2,2;0
8,0.8076923076923077,0,1,0,0,0,2,2,21,54,1,2,2,1,2,2;0
8,0.8076923076923077,0,1,0,0,0,2,2,10,2,7,4,2,2,2,1;0
8,0.8076923076923077,0,0,11,3,1,-22.44905020936971,2,30,0,7,4,3,3,3,2;3
8,0.8076923076923077,1,0,48,8,1,-63.87889351587614,2,42,24,0,3,3,2,2,2;0
8,0.8076923076923077,0,1,5,0,0,-4.0,2,10,0,1,5,4,3,5,5;0
8,0.8076923076923077,0,1,0,0,0,2,2,74,6,7,2,2,2,4,4;0
8,0.8076923076923077,0,1,0,0,0,0,2,20,0,3,4,4,3,8,8;0
8,0.8076923076923077,0,1,35,0,0,-25.810068526252316,2,70,24,7,2,2,1,4,4;2
8,0.8076923076923077,1,0,0,12,1,0,2,4,0,0,6,5,4,6,6;0
8,0.8076923076923077,0,0,0,2,1,2,2,26,36,8,3,3,1,5,5;0
8,0.8076923076923077,0,0,5,3,1,-10.0,2,30,0,8,3,3,3,5,5;1
8,0.8076923076923077,0,0,0,10,1,0,0,0,0,2,5,5,4,7,7;0
9,0.8461538461538461,0,1,0,0,0,2,2,9,46,2,2,2,1,2,2;0
9,0.8461538461538461,0,0,4,4,0,113.30844511373859,2,21,60,1,3,2,1,2,2;0
9,0.8461538461538461,1,0,64,8,1,-2.2725634247201754,2,22,64,0,4,2,1,3,3;5
9,0.8461538461538461,0,1,0,0,0,2,70.83459536232702,38,48,3,2,2,2,4,0;0
9,0.8461538461538461,0,1,22,0,0,2.391311788304023,2,68,25,1,2,2,2,4,2;1
9,0.8461538461538461,0,1,0,0,0,2,2,46,4,2,3,3,2,3,3;0
9,0.8461538461538461,0,1,0,0,0,2,2,46,34,2,2,2,2,4,4;0
9,0.8461538461538461,0,1,7,0,0,11.451708003326107,2,35,23,3,3,3,2,3,2;0
9,0.8461538461538461,0,1,0,0,0,2,2,40,85,4,3,2,1,3,1;0
9,0.8461538461538461,0,0,6,4,0,85.3601882096341,2,66,77,3,1,1,1,4,3;0
9,0.8461538461538461,0,0,8,2,0,-0.12237836205886055,2,31,10,4,4,3,2,2,2;0
9,0.8461538461538461,1,0,7,10,1,1.7857142857142847,2,50,12,0,3,3,3,4,3;4
9,0.8461538461538461,0,0,0,3,1,2,2,29,12,1,3,3,3,4,4;0
9,0.8461538461538461,0,0,15,2,1,9.987460833347228,2,75,46,2,2,2,2,5,1;2
9,0.8461538461538461,0,1,0,0,0,2,2,21,57,1,2,2,1,1,1;0
9,0.8461538461538461,0,1,0,0,0,2,2,21,45,1,3,3,2,2,2;0
9,0.8461538461538461,0,1,0,0,0,2,2,23,45,1,2,2,1,2,2;0
9,0.8461538461538461,0,1,14,0,0,-29.338877362790406,2,13,0,7,4,2,2,2,2;0
9,0.8461538461538461,0,0,15,3,1,0.5,2,35,16,7,4,2,2,3,3;3
9,0.8461538461538461,1,0,47,8,1,-33.20825850418899,2,42,32,0,3,3,2,2,2;0
9,0.8461538461538461,0,1,0,0,0,2,7.333333333333334,6,60,1,5,2,2,1,0;0
9,0.8461538461538461,0,1,0,0,0,2,7.333333333333334,6,57,1,5,2,2,1,0;0
9,0.8461538461538461,1,0,29,8,1,-18.863104875010208,2,21,26,0,6,3,3,2,1;1
9,0.8461538461538461,0,1,0,0,0,0,2,14,0,1,5,4,3,5,5;0
9,0.8461538461538461,0,1,10,0,0,-8.098100418739419,2,59,6,7,2,2,2,4,4;0
9,0.8461538461538461,0,1,0,0,0,0,2,16,0,3,4,4,3,8,8;0
9,0.8461538461538461,0,1,25,0,0,-41.034519615453064,2,53,6,7,2,2,1,4,4;2
9,0.8461538461538461,1,0,5,12,1,-10.392837100659193,2,8,0,0,6,5,4,6,6;2
9,0.8461538461538461,0,0,0,2,1,2,2,22,22,8,3,3,1,5,5;0
9,0.8461538461538461,0,0,9,3,1,-19.338877362790406,2,28,0,8,3,3,3,5,5;3
9,0.8461538461538461,0,0,0,10,1,0,2,3,0,2,5,5,4,7,7;0
10,0.8846153846153846,0,1,0,0,0,2,2,9,46,2,2,2,1,2,2;0
10,0.8846153846153846,0,0,2,4,0,120.82361238211797,2,14,64,1,3,2,1,2,2;0
10,0.8846153846153846,1,0,61,8,1,11.789089372146123,2,14,65,0,4,2,1,3,3;2
10,0.8846153846153846,0,1,0,0,0,2,50.5652091361136,28,50,3,2,2,2,4,0;0
10,0.8846153846153846,0,1,14,0,0,9.950388510228443,2,45,21,1,2,2,2,4,2;0
10,0.8846153846153846,0,1,0,0,0,2,2,20,12,2,3,2,2,3,2;0
10,0.8846153846153846,0,1,7,0,0,23.301202054919628,2,9,32,3,3,2,2,3,1;0
10,0.8846153846153846,0,1,0,0,0,2,-3.3668488822445255,20,90,4,3,2,1,3,0;0
10,0.8846153846153846,0,0,2,2,0,20.5,2,2,13,4,4,3,2,2,1;0
10,0.8846153846153846,1,0,6,10,1,-0.7999999999999989,2,11,8,0,3,3,3,4,3;0
10,0.8846153846153846,0,0,0,3,1,2,2,3,8,1,3,3,3,4,3;0
10,0.8846153846153846,0,0,8,2,1,31.644259542401663,2,41,48,2,2,2,2,5,1;0
1,0.5833333333333334,0,1,0,0,0,2,2,19,20,3,2,2,1,2,2;0
1,0.5833333333333334,0,1,5,0,0,11.393535564735924,2,57,16,1,2,2,2,2,2;0
1,0.5833333333333334,0,1,2,0,0,13.277777777777779,2,44,9,2,3,2,2,3,1;2
1,0.5833333333333334,1,0,12,10,1,-18.416496580927728,2,63,4,0,3,3,3,3,3;3
1,0.5833333333333334,0,0,4,3,1,0.0,2,44,4,1,3,3,3,3,2;1
1,0.5833333333333334,0,0,12,2,1,20.573408394125906,2,58,27,2,2,2,1,3,3;0
3,0.75,0,1,0,0,0,2,2,2,4,2,3,3,2,5,5;0
3,0.75,0,1,0,0,0,2,2,2,25,3,1,1,1,3,3;0
3,0.75,0,1,0,0,0,2,0,0,40,2,2,2,1,1,1;0
3,0.75,0,0,8,4,0,-11.200000000000001,2,31,8,1,3,3,2,2,2;4
3,0.75,0,0,15,2,1,23.92243955683263,2,27,31,2,2,2,1,4,4;0
3,0.75,1,0,8,8,1,-10.449050209369709,2,30,8,0,4,4,2,3,3;3
3,0.75,0,1,0,0,0,2,2,22,34,1,2,1,1,1,1;0
3,0.75,0,1,0,0,0,2,2,36,12,2,3,2,2,4,4;0
3,0.75,1,0,32,10,1,-55.964507391254415,2,57,12,0,3,2,2,2,2;10
3,0.75,0,0,4,3,1,4.0,2,46,12,1,3,3,3,3,3;2
3,0.75,0,1,0,0,0,2,2,27,33,1,2,2,1,5,2;0
3,0.75,0,1,1,0,0,29.9444811332782,2,27,17,1,3,3,2,5,2;0
3,0.75,0,1,0,0,0,2,2,27,33,1,2,2,1,4,1;0
3,0.75,0,1,0,0,0,2,2,13,14,7,4,4,2,2,1;0
3,0.75,0,0,14,3,1,-29.338877362790406,2,20,0,7,4,4,2,3,2;3
3,0.75,1,0,26,8,1,-45.23596212064108,2,27,6,0,3,3,2,5,2;4
3,0.75,0,1,8,0,0,-5.698100418739417,2,46,6,1,5,4,2,3,3;1
3,0.75,0,1,2,0,0,-4.0,2,19,0,1,5,4,1,4,4;0
3,0.75,1,0,29,8,1,-59.52936702777004,2,31,0,0,6,5,2,4,4;4
1,0.5833333333333334,0,1,0,0,0,2,2,19,20,3,2,2,1,2,2;0
1,0.5833333333333334,0,1,5,0,0,11.393535564735924,2,57,16,1,2,2,2,2,2;0
1,0.5833333333333334,0,1,2,0,0,13.277777777777779,2,44,9,2,3,2,2,3,1;2
1,0.5833333333333334,1,0,12,10,1,-18.416496580927728,2,63,4,0,3,3,3,3,3;3
1,0.5833333333333334,0,0,4,3,1,0.0,2,44,4,1,3,3,3,3,2;1
1,0.5833333333333334,0,0,12,2,1,20.573408394125906,2,58,27,2,2,2,1,3,3;0
1,0.5833333333333334,0,1,0,0,0,2,2,17,25,1,2,2,1,3,3;0
1,0.5833333333333334,0,1,1,0,0,3.0,2,31,4,1,3,3,2,3,3;0
1,0.5833333333333334,0,1,0,0,0,2,2,19,18,1,2,2,1,2,2;0
1,0.5833333333333334,0,1,0,0,0,2,2,17,18,7,4,4,2,2,1;0
1,0.5833333333333334,0,0,10,3,1,-4.714285714285715,2,19,13,7,4,4,2,3,2;3
1,0.5833333333333334,1,0,27,8,1,-50.83545280973625,2,25,4,0,3,3,2,3,3;2
1,0.5833333333333334,0,1,12,0,0,-13.154700538379252,2,43,9,1,5,4,2,3,3;2
1,0.5833333333333334,0,1,0,0,0,2,2,42,6,1,5,4,1,4,4;0
1,0.5833333333333334,1,0,17,8,1,-35.311326320782406,2,33,0,0,6,5,2,4,4;2
1,0.5833333333333334,0,1,0,0,0,0,2,21,0,1,5,5,3,3,3;0
1,0.5833333333333334,0,1,9,0,0,-0.7777777777777786,2,42,9,3,4,4,3,3,3;1
1,0.5833333333333334,1,0,9,12,1,-19.347150628109127,2,27,0,0,6,6,4,4,4;3
1,0.5833333333333334,0,0,4,10,1,-8.0,2,31,0,2,5,5,4,4,4;0
2,0.6666666666666666,0,1,0,0,0,2,2,2,19,2,3,3,2,5,5;0
2,0.6666666666666666,0,1,4,0,0,44.22337862667619,2,2,25,3,1,1,1,3,3;0
2,0.6666666666666666,0,1,0,0,0,2,0,0,29,2,2,2,1,2,2;0
2,0.6666666666666666,0,0,8,4,0,16.98969197511447,2,32,23,1,3,3,2,3,3;4
2,0.6666666666666666,0,0,14,2,1,69.60153086476112,2,29,50,2,2,2,1,4,4;0
2,0.6666666666666666,1,0,6,8,1,26.08969197511447,2,29,23,0,4,4,2,4,4;2
2,0.6666666666666666,0,1,0,0,0,2,2,4,23,3,2,2,1,2,2;0
2,0.6666666666666666,0,1,0,0,0,2,44.22337862667619,25,23,1,2,2,2,2,0;0
2,0.6666666666666666,0,1,10,0,0,-9.56482401474328,2,42,11,2,3,2,2,4,3;2
2,0.6666666666666666,1,0,27,10,1,-51.069140584002646,2,58,8,0,3,3,2,3,1;5
2,0.6666666666666666,0,0,2,3,1,2.0,2,43,8,1,3,3,3,3,2;1
2,0.6666666666666666,0,0,18,2,1,8.274303733498364,2,43,34,2,2,2,1,3,1;0
2,0.6666666666666666,0,1,6,0,0,37.482148869802245,2,35,25,1,2,2,1,4,4;1
2,0.6666666666666666,0,1,3,0,0,15.440496232674139,2,33,13,1,3,3,2,4,4;0
2,0.6666666666666666,0,1,0,0,0,2,2,21,25,1,2,2,1,3,3;0
2,0.6666666666666666,0,1,0,0,0,2,2,9,32,7,4,4,2,3,1;0
2,0.6666666666666666,0,0,9,3,1,1.4490502093697089,2,22,10,7,4,4,2,3,2;3
2,0.6666666666666666,1,0,30,8,1,-41.0197628139145,2,25,13,0,3,3,2,4,4;2
2,0.6666666666666666,0,1,12,0,0,-13.154700538379252,2,45,6,1,5,4,2,3,3;0
2,0.6666666666666666,0,1,2,0,0,6.666666666666666,2,35,6,1,5,4,1,4,4;1
2,0.6666666666666666,1,0,29,8,1,-60.20267072527433,2,38,0,0,6,5,2,4,4;5
2,0.6666666666666666,0,1,0,0,0,0,2,34,0,1,5,5,3,4,4;0
2,0.6666666666666666,0,1,26,0,0,-42.82659932659933,2,48,6,3,4,4,3,3,3;1
2,0.6666666666666666,1,0,5,12,1,-11.17851130197758,2,40,0,0,6,6,4,5,5;2
2,0.6666666666666666,0,0,12,10,1,-25.093188788999896,2,33,0,2,5,5,4,4,4;0
3,0.75,0,1,0,0,0,2,2,2,4,2,3,3,2,5,5;0
3,0.75,0,1,0,0,0,2,2,2,25,3,1,1,1,3,3;0
3,0.75,0,1,0,0,0,2,0,0,40,2,2,2,1,1,1;0
3,0.75,0,0,8,4,0,-11.200000000000001,2,31,8,1,3,3,2,2,2;4
3,0.75,0,0,15,2,1,23.92243955683263,2,27,31,2,2,2,1,4,4;0
3,0.75,1,0,8,8,1,-10.449050209369709,2,30,8,0,4,4,2,3,3;3
3,0.75,0,1,0,0,0,2,2,22,34,1,2,1,1,1,1;0
3,0.75,0,1,0,0,0,2,2,36,12,2,3,2,2,4,4;0
3,0.75,1,0,32,10,1,-55.964507391254415,2,57,12,0,3,2,2,2,2;10
3,0.75,0,0,4,3,1,4.0,2,46,12,1,3,3,3,3,3;2
3,0.75,0,1,0,0,0,2,2,27,33,1,2,2,1,5,2;0
3,0.75,0,1,1,0,0,29.9444811332782,2,27,17,1,3,3,2,5,2;0
3,0.75,0,1,0,0,0,2,2,27,33,1,2,2,1,4,1;0
3,0.75,0,1,0,0,0,2,2,13,14,7,4,4,2,2,1;0
3,0.75,0,0,14,3,1,-29.338877362790406,2,20,0,7,4,4,2,3,2;3
3,0.75,1,0,26,8,1,-45.23596212064108,2,27,6,0,3,3,2,5,2;4
3,0.75,0,1,8,0,0,-5.698100418739417,2,46,6,1,5,4,2,3,3;1
3,0.75,0,1,2,0,0,-4.0,2,19,0,1,5,4,1,4,4;0
3,0.75,1,0,29,8,1,-59.52936702777004,2,31,0,0,6,5,2,4,4;4
4,0.8333333333333333,0,1,0,0,0,0,2,2,0,2,3,3,3,5,4;0
4,0.8333333333333333,0,1,0,0,0,2,2,2,22,3,1,1,1,4,3;0
4,0.8333333333333333,0,1,0,0,0,2,0,0,25,2,2,2,1,2,3;0
4,0.8333333333333333,0,0,8,4,0,-5.607162899340807,2,27,7,1,3,3,2,2,4;4
4,0.8333333333333333,0,0,16,2,1,-8.44998847390152,2,34,12,2,2,2,2,4,4;2
4,0.8333333333333333,1,0,5,8,1,-4.392837100659193,2,25,4,0,4,4,2,3,5;2
4,0.8333333333333333,0,1,0,0,0,2,2,25,54,1,2,1,1,2,2;0
4,0.8333333333333333,0,1,0,0,0,2,2,36,16,2,3,2,2,5,4;0
4,0.8333333333333333,1,0,36,10,1,-46.69709663706715,2,63,27,0,3,2,2,3,3;10
4,0.8333333333333333,0,0,0,3,1,2,2,46,16,1,3,3,3,4,3;0
4,0.8333333333333333,0,1,0,0,0,2,2,27,36,1,2,2,1,5,2;0
4,0.8333333333333333,0,1,1,0,0,35.90010926557059,2,27,20,1,3,3,2,5,2;0
4,0.8333333333333333,0,1,0,0,0,2,2,27,36,1,2,2,1,4,1;0
4,0.8333333333333333,0,1,0,0,0,2,2,9,24,7,4,4,2,2,2;0
4,0.8333333333333333,0,0,20,3,1,-36.415437966237036,2,14,4,7,4,4,2,3,3;3
4,0.8333333333333333,1,0,42,8,1,-74.1053423136375,2,28,9,0,3,3,2,5,2;8
4,0.8333333333333333,0,1,12,0,0,-14.807474503285611,2,46,6,1,5,4,2,3,3;2
4,0.8333333333333333,0,1,0,0,0,0,2,24,0,1,5,4,1,4,4;0
4,0.8333333333333333,1,0,41,8,1,-85.09116048403537,2,35,0,0,6,5,2,4,4;4
4,0.8333333333333333,0,1,0,0,0,2,2,23,2,1,5,5,3,5,2;0
4,0.8333333333333333,0,1,6,0,0,-12.785674201318386,2,38,0,3,4,4,3,3,3;2
4,0.8333333333333333,1,0,6,12,1,-12.0,2,29,0,0,6,6,4,6,3;3
4,0.8333333333333333,0,0,4,10,1,-8.0,2,16,0,2,5,5,4,4,4;0
5,0.9166666666666667,0,1,0,0,0,0,2,3,0,2,3,3,3,5,6;0
5,0.9166666666666667,0,1,0,0,0,2,2,3,25,3,1,1,1,4,7;0
5,0.9166666666666667,0,1,0,0,0,2,2,3,25,2,2,2,1,2,6;0
5,0.9166666666666667,0,0,13,4,0,-19.700000000000003,2,28,4,1,3,3,2,2,5;4
5,0.9166666666666667,0,0,36,2,1,-53.410809798925165,2,34,12,2,2,2,2,4,6;2
5,0.9166666666666667,1,0,0,8,1,0,2,16,0,0,4,4,3,3,5;0
5,0.9166666666666667,0,1,0,0,0,2,2,25,60,1,2,1,1,2,2;0
5,0.9166666666666667,0,1,0,0,0,2,2,25,29,2,3,2,2,4,2;0
5,0.9166666666666667,1,0,33,10,1,-29.88632750854621,2,54,35,0,3,2,2,3,3;10
5,0.9166666666666667,0,0,0,3,1,2,2,46,24,1,3,3,3,4,3;0
5,0.9166666666666667,0,1,0,0,0,2,2,27,25,1,2,2,1,8,8;0
5,0.9166666666666667,0,1,0,0,0,2,2,27,16,1,3,3,2,8,8;0
5,0.9166666666666667,0,1,0,0,0,2,2,27,25,1,2,2,1,8,8;0
5,0.9166666666666667,0,1,0,0,0,2,2,9,11,7,4,4,2,3,2;0
5,0.9166666666666667,0,0,10,3,1,-20.44905020936971,2,23,0,7,4,4,2,4,3;3
5,0.9166666666666667,1,0,39,8,1,-58.26997955846463,2,30,16,0,3,3,2,9,9;3
5,0.9166666666666667,0,1,2,0,0,1.0,2,30,3,1,5,4,2,3,3;0
5,0.9166666666666667,0,1,10,0,0,-14.398100418739418,2,55,3,1,5,4,1,4,4;2
5,0.9166666666666667,1,0,31,8,1,-63.576652106081,2,33,0,0,6,5,2,4,4;3
6,1.0,0,1,0,0,0,2,2,5,4,2,3,3,3,5,5;0
6,1.0,0,1,0,0,0,2,2,5,25,3,1,1,1,6,6;0
6,1.0,0,1,0,0,0,2,2,3,25,2,2,2,1,6,6;0
6,1.0,0,0,21,4,0,-37.84982275060315,2,32,4,1,3,3,2,5,5;4
6,1.0,0,0,39,2,1,-57.53043071352718,2,18,13,2,2,2,2,5,5;2
6,1.0,1,0,12,8,1,-24.0,2,26,0,0,4,4,3,5,5;6
6,1.0,0,1,0,0,0,2,2,25,64,1,2,1,1,2,2;0
6,1.0,0,1,0,0,0,2,2,25,27,2,3,2,2,4,4;0
6,1.0,1,0,25,10,1,-9.707037988590393,2,52,43,0,3,2,2,3,3;6
6,1.0,0,0,0,3,1,2,2,38,24,1,3,3,3,4,3;0
4,0.8333333333333333,0,1,0,0,0,0,2,2,0,2,3,3,3,5,4;0
4,0.8333333333333333,0,1,0,0,0,2,2,2,22,3,1,1,1,4,3;0
4,0.8333333333333333,0,1,0,0,0,2,0,0,25,2,2,2,1,2,3;0
4,0.8333333333333333,0,0,8,4,0,-5.607162899340807,2,27,7,1,3,3,2,2,4;4
4,0.8333333333333333,0,0,16,2,1,-8.44998847390152,2,34,12,2,2,2,2,4,4;2
4,0.8333333333333333,1,0,5,8,1,-4.392837100659193,2,25,4,0,4,4,2,3,5;2
4,0.8333333333333333,0,1,0,0,0,2,2,25,54,1,2,1,1,2,2;0
4,0.8333333333333333,0,1,0,0,0,2,2,36,16,2,3,2,2,5,4;0
4,0.8333333333333333,1,0,36,10,1,-46.69709663706715,2,63,27,0,3,2,2,3,3;10
4,0.8333333333333333,0,0,0,3,1,2,2,46,16,1,3,3,3,4,3;0
4,0.8333333333333333,0,1,0,0,0,2,2,27,36,1,2,2,1,5,2;0
4,0.8333333333333333,0,1,1,0,0,35.90010926557059,2,27,20,1,3,3,2,5,2;0
4,0.8333333333333333,0,1,0,0,0,2,2,27,36,1,2,2,1,4,1;0
4,0.8333333333333333,0,1,0,0,0,2,2,9,24,7,4,4,2,2,2;0
4,0.8333333333333333,0,0,20,3,1,-36.415437966237036,2,14,4,7,4,4,2,3,3;3
4,0.8333333333333333,1,0,42,8,1,-74.1053423136375,2,28,9,0,3,3,2,5,2;8
4,0.8333333333333333,0,1,12,0,0,-14.807474503285611,2,46,6,1,5,4,2,3,3;2
4,0.8333333333333333,0,1,0,0,0,0,2,24,0,1,5,4,1,4,4;0
4,0.8333333333333333,1,0,41,8,1,-85.09116048403537,2,35,0,0,6,5,2,4,4;4
4,0.8333333333333333,0,1,0,0,0,2,2,23,2,1,5,5,3,5,2;0
4,0.8333333333333333,0,1,6,0,0,-12.785674201318386,2,38,0,3,4,4,3,3,3;2
4,0.8333333333333333,1,0,6,12,1,-12.0,2,29,0,0,6,6,4,6,3;3
4,0.8333333333333333,0,0,4,10,1,-8.0,2,16,0,2,5,5,4,4,4;0
5,0.9166666666666667,0,1,0,0,0,0,2,3,0,2,3,3,3,5,6;0
5,0.9166666666666667,0,1,0,0,0,2,2,3,25,3,1,1,1,4,7;0
5,0.9166666666666667,0,1,0,0,0,2,2,3,25,2,2,2,1,2,6;0
5,0.9166666666666667,0,0,13,4,0,-19.700000000000003,2,28,4,1,3,3,2,2,5;4
5,0.9166666666666667,0,0,36,2,1,-53.410809798925165,2,34,12,2,2,2,2,4,6;2
5,0.9166666666666667,1,0,0,8,1,0,2,16,0,0,4,4,3,3,5;0
5,0.9166666666666667,0,1,0,0,0,2,2,27,25,1,2,2,1,8,8;0
5,0.9166666666666667,0,1,0,0,0,2,2,27,16,1,3,3,2,8,8;0
5,0.9166666666666667,0,1,0,0,0,2,2,27,25,1,2,2,1,8,8;0
5,0.9166666666666667,0,1,0,0,0,2,2,9,11,7,4,4,2,3,2;0
5,0.9166666666666667,0,0,10,3,1,-20.44905020936971,2,23,0,7,4,4,2,4,3;3
5,0.9166666666666667,1,0,39,8,1,-58.26997955846463,2,30,16,0,3,3,2,9,9;3
5,0.9166666666666667,0,1,2,0,0,1.0,2,30,3,1,5,4,2,3,3;0
5,0.9166666666666667,0,1,10,0,0,-14.398100418739418,2,55,3,1,5,4,1,4,4;2
5,0.9166666666666667,1,0,31,8,1,-63.576652106081,2,33,0,0,6,5,2,4,4;3
5,0.9166666666666667,0,1,0,0,0,0,2,26,0,1,5,5,3,7,6;0
5,0.9166666666666667,0,1,6,0,0,-12.785674201318386,2,25,0,3,4,4,3,4,3;2
5,0.9166666666666667,1,0,1,12,1,-2.0,2,32,0,0,6,6,4,6,6;1
5,0.9166666666666667,0,0,0,10,1,0,2,10,0,2,5,5,4,5,4;0
6,1.0,0,1,0,0,0,2,2,5,4,2,3,3,3,5,5;0
6,1.0,0,1,0,0,0,2,2,5,25,3,1,1,1,6,6;0
6,1.0,0,1,0,0,0,2,2,3,25,2,2,2,1,6,6;0
6,1.0,0,0,21,4,0,-37.84982275060315,2,32,4,1,3,3,2,5,5;4
6,1.0,0,0,39,2,1,-57.53043071352718,2,18,13,2,2,2,2,5,5;2
6,1.0,1,0,12,8,1,-24.0,2,26,0,0,4,4,3,5,5;6
6,1.0,0,1,0,0,0,2,2,25,64,1,2,1,1,2,2;0
6,1.0,0,1,0,0,0,2,2,25,27,2,3,2,2,4,4;0
6,1.0,1,0,25,10,1,-9.707037988590393,2,52,43,0,3,2,2,3,3;6
6,1.0,0,0,0,3,1,2,2,38,24,1,3,3,3,4,3;0
2,0.6666666666666666,0,1,0,0,0,2,2,4,23,3,2,2,1,2,2;0
2,0.6666666666666666,0,1,0,0,0,2,44.22337862667619,25,23,1,2,2,2,2,0;0
2,0.6666666666666666,0,1,10,0,0,-9.56482401474328,2,42,11,2,3,2,2,4,3;2
2,0.6666666666666666,1,0,27,10,1,-51.069140584002646,2,58,8,0,3,3,2,3,1;5
2,0.6666666666666666,0,0,2,3,1,2.0,2,43,8,1,3,3,3,3,2;1
2,0.6666666666666666,0,0,18,2,1,8.274303733498364,2,43,34,2,2,2,1,3,1;0
2,0.6666666666666666,0,1,6,0,0,37.482148869802245,2,35,25,1,2,2,1,4,4;1
2,0.6666666666666666,0,1,3,0,0,15.440496232674139,2,33,13,1,3,3,2,4,4;0
2,0.6666666666666666,0,1,0,0,0,2,2,21,25,1,2,2,1,3,3;0
2,0.6666666666666666,0,1,0,0,0,2,2,9,32,7,4,4,2,3,1;0
2,0.6666666666666666,0,0,9,3,1,1.4490502093697089,2,22,10,7,4,4,2,3,2;3
2,0.6666666666666666,1,0,30,8,1,-41.0197628139145,2,25,13,0,3,3,2,4,4;2
2,0.6666666666666666,0,1,12,0,0,-13.154700538379252,2,45,6,1,5,4,2,3,3;0
2,0.6666666666666666,0,1,2,0,0,6.666666666666666,2,35,6,1,5,4,1,4,4;1
2,0.6666666666666666,1,0,29,8,1,-60.20267072527433,2,38,0,0,6,5,2,4,4;5
